12
14
15
66
90
127
164
261
263
343
379
390
508
521
565
620
659
677
699
740
744
790
792
873
892
943
954
978
981
991
42
56
193
237
286
315
318
399
414
458
483
549
557
563
602
634
666
718
734
778
789
826
850
874
893
897
912
929
943
1005
31
115
152
165
174
215
220
224
283
371
391
439
450
486
495
513
560
591
593
610
648
705
785
811
819
822
830
845
860
892
939
37
39
64
85
118
134
135
210
216
236
243
249
288
343
367
397
433
444
524
613
654
704
742
783
816
836
838
927
975
998
1006
21
85
238
253
276
301
325
329
370
404
455
533
553
590
633
646
650
656
674
777
785
794
799
803
833
843
900
903
1005
26
136
142
161
172
220
239
273
291
305
309
323
411
429
455
616
642
661
668
729
790
831
887
960
1023
9
14
108
146
179
184
226
233
234
272
340
417
433
442
465
517
565
605
635
638
643
666
709
762
788
798
915
944
973
98
136
165
167
207
213
227
239
255
259
275
324
339
358
583
648
744
762
765
805
847
859
960
1008
25
67
89
96
111
150
166
176
303
309
319
321
378
385
424
431
468
474
526
548
578
588
595
637
650
724
769
825
866
939
1012
14
29
168
262
336
429
536
621
652
695
704
721
731
834
838
844
876
972
983
1001
2
75
85
122
131
295
304
331
335
358
387
404
428
429
455
482
551
552
564
566
602
606
628
659
721
859
973
992
0
10
13
59
61
76
97
106
133
164
171
239
322
385
403
460
467
487
603
626
676
685
750
823
855
874
952
45
133
207
277
283
322
389
392
501
557
572
626
647
658
701
706
728
743
843
888
911
920
939
964
973
1022
9
40
52
206
236
239
265
329
337
342
485
492
715
718
771
825
855
941
1012
1016
36
69
106
108
152
162
227
266
392
397
424
505
530
648
687
707
729
751
757
763
769
838
844
853
865
866
876
877
934
960
963
110
112
161
169
183
237
255
257
300
401
427
442
450
483
507
522
564
607
638
658
712
790
980
1009
26
152
219
221
362
364
423
425
449
467
475
490
516
547
550
584
608
611
655
728
750
772
797
822
828
886
954
989
1003
1010
1012
14
76
95
191
286
302
320
322
339
380
415
424
432
481
567
606
666
685
721
739
788
806
851
853
871
972
978
982
984
994
15
69
82
165
196
217
240
265
343
373
379
552
624
654
729
739
798
841
886
893
911
913
1001
41
145
161
215
225
254
313
328
350
439
443
458
504
547
555
594
681
700
719
733
774
812
829
833
868
979
1019
155
245
301
305
332
382
397
407
579
611
726
815
821
826
1014
59
118
151
163
182
195
229
253
281
342
429
497
521
522
541
551
581
645
658
664
734
773
793
918
920
984
2
20
46
57
67
114
123
180
227
296
323
426
464
511
531
591
631
652
659
725
753
774
794
839
915
980
988
1007
33
35
47
83
161
174
201
352
364
460
461
466
543
591
593
606
620
667
684
722
725
728
748
795
801
828
870
953
980
1015
85
112
118
129
170
180
181
183
242
302
333
414
418
463
519
522
538
539
568
573
618
626
651
696
709
730
740
873
888
942
980
68
75
79
172
176
186
215
224
315
348
401
432
454
483
562
609
673
687
690
699
708
745
884
898
913
916
40
77
97
182
231
283
284
292
314
321
326
342
393
441
484
543
674
797
838
852
864
873
898
931
933
934
941
17
50
165
222
226
236
237
274
337
394
429
456
458
525
530
534
536
559
593
698
715
861
879
904
908
925
950
968
999
1
44
102
144
171
244
254
267
325
352
358
395
420
466
502
510
524
551
573
632
663
749
753
832
932
974
975
985
1008
1016
8
31
68
80
83
110
232
305
368
380
400
430
432
528
553
609
612
654
671
727
734
752
816
834
910
1004
1016
1019
89
91
125
157
218
230
244
258
311
369
374
379
380
474
486
530
544
612
641
670
803
821
845
852
864
881
929
29
30
46
94
121
144
203
243
252
283
359
440
458
506
507
546
581
601
717
719
731
736
810
951
981
1018
31
45
128
133
178
196
253
261
343
358
367
368
375
387
452
458
469
499
507
538
542
561
665
676
682
719
741
754
854
995
996
3
16
24
33
77
143
144
170
207
298
304
335
338
409
419
512
538
595
619
666
743
746
755
999
1006
137
141
217
229
287
298
315
328
329
341
364
523
531
553
593
676
713
718
725
813
938
949
46
78
98
108
150
172
173
214
292
322
343
405
446
471
513
540
563
583
611
725
785
808
842
847
0
13
23
53
105
129
161
186
196
208
318
364
382
393
444
446
447
494
520
599
640
654
675
765
769
773
790
806
1016
0
83
86
163
198
209
233
240
320
325
405
427
482
514
530
539
577
579
582
604
618
700
713
788
796
869
873
898
1018
141
179
182
211
232
254
274
300
312
320
324
383
396
403
485
510
535
559
622
628
774
777
806
816
863
896
945
949
950
971
1012
55
179
216
312
315
326
334
416
462
474
482
499
543
639
705
709
745
788
822
884
901
925
939
968
988
991
992
996
1014
6
85
114
234
262
295
297
423
436
555
657
717
745
768
837
856
870
943
958
1006
17
70
129
131
152
156
195
251
280
298
304
306
333
353
377
451
455
550
561
616
623
691
722
787
850
851
935
1002
68
70
71
81
139
147
213
217
236
286
290
317
324
351
355
384
420
449
529
530
554
581
608
644
675
800
830
887
927
19
24
58
177
178
207
249
279
294
308
375
408
443
469
523
675
684
729
734
743
803
814
842
902
909
924
929
953
983
1003
39
47
78
89
121
230
264
298
301
429
463
467
479
499
511
569
720
753
771
773
822
830
868
881
922
936
28
251
253
303
350
389
402
512
617
625
656
662
693
702
723
744
765
794
825
888
936
955
975
976
1005
47
54
68
105
172
178
238
347
387
391
424
536
571
580
692
693
708
713
849
870
910
927
930
960
187
333
334
350
370
450
452
468
470
544
609
614
617
641
656
658
679
734
738
817
832
847
852
886
893
921
931
968
1022
69
140
160
196
217
231
287
290
295
358
360
414
431
490
536
598
605
665
701
742
814
848
884
900
923
927
999
1020
1022
13
47
67
72
79
116
132
150
163
253
279
295
315
322
383
398
400
474
488
495
527
557
665
673
754
784
787
806
863
874
932
82
114
139
151
152
182
247
256
361
407
412
413
492
499
510
626
704
718
779
888
898
901
953
966
969
35
41
74
160
186
203
216
315
353
362
378
470
472
504
682
743
760
833
905
1018
0
44
51
164
173
202
223
252
281
306
324
344
349
373
405
415
438
470
502
659
801
827
870
872
901
907
940
996
13
76
98
183
205
227
249
261
269
279
285
320
355
447
486
553
614
738
824
830
863
902
22
43
49
66
104
141
247
326
385
398
435
457
475
478
492
497
518
646
666
727
770
775
785
823
847
900
1009
23
80
139
178
225
251
285
301
316
393
484
486
506
557
577
606
633
663
664
683
702
749
798
821
829
888
924
974
32
47
62
72
128
130
185
198
200
202
207
225
227
230
238
304
423
478
484
659
696
702
806
810
886
889
989
993
6
91
141
147
152
181
182
232
298
301
410
433
466
480
493
562
591
677
704
721
728
755
781
812
865
910
914
919
929
40
72
130
131
209
219
225
275
370
401
426
572
579
606
682
691
710
735
902
910
914
990
993
996
6
29
32
77
223
241
247
296
301
319
360
401
475
494
508
545
621
631
648
659
746
871
878
957
960
966
16
44
86
189
207
303
322
327
404
426
440
512
525
646
676
689
727
789
790
818
837
852
873
906
974
1010
1014
1016
116
121
165
209
229
307
350
439
474
484
535
615
624
625
645
654
661
725
740
741
779
846
860
873
896
920
964
987
1005
36
59
67
101
111
240
256
296
312
336
379
424
444
454
531
540
570
578
614
673
799
822
826
838
839
878
27
37
87
131
161
183
213
274
342
358
430
481
492
604
626
627
675
715
721
774
795
826
877
905
927
940
961
967
980
985
1017
120
141
142
325
334
338
349
388
483
494
509
512
520
534
552
610
616
619
702
705
739
744
819
828
896
922
926
988
1019
43
50
78
98
148
235
325
326
332
333
406
430
443
464
520
567
596
618
628
730
782
827
833
850
948
971
1006
107
196
246
257
296
312
326
328
354
355
364
409
413
427
446
535
549
637
647
674
701
722
732
746
749
757
768
67
93
108
166
175
176
201
254
329
330
374
389
396
512
513
518
535
630
655
678
716
719
779
787
794
808
934
940
963
967
54
71
95
112
125
180
211
235
252
268
331
361
383
453
536
548
646
670
737
783
860
875
953
977
997
1017
76
88
120
147
281
302
316
353
402
415
441
479
481
486
490
510
562
603
725
806
813
820
839
850
858
931
938
989
998
1008
96
129
175
220
237
257
270
278
367
368
370
408
415
479
523
534
581
615
693
704
806
817
855
862
891
907
927
956
964
1012
11
111
123
146
201
239
247
321
335
382
445
480
490
520
526
562
565
669
695
726
785
810
818
850
892
968
972
990
997
1012
16
27
86
128
201
243
268
274
296
309
406
422
443
456
521
565
569
662
674
700
706
810
832
841
849
866
901
966
14
33
100
121
132
212
243
260
288
315
367
419
474
492
502
516
566
577
611
753
813
832
863
890
918
927
947
975
981
1005
1023
76
84
93
105
187
189
193
289
398
425
429
449
475
524
571
578
600
619
646
750
784
821
892
966
973
976
1006
13
17
211
218
267
281
319
329
363
372
402
462
498
538
569
594
598
688
689
717
738
759
770
817
878
887
957
989
990
1004
1018
31
168
170
199
253
266
279
342
365
376
389
459
482
529
532
588
777
832
858
878
896
946
995
50
65
100
132
240
245
260
292
316
374
376
391
392
474
488
491
511
524
537
552
614
669
671
681
683
737
802
839
912
941
47
54
95
97
109
157
163
180
217
385
418
453
542
625
646
709
774
793
795
854
885
917
30
68
89
127
167
180
201
216
219
256
325
340
452
476
492
527
606
625
749
831
848
912
930
997
1
83
212
283
311
313
314
326
339
359
377
474
485
503
507
509
521
559
646
648
700
742
773
811
816
868
879
952
1000
53
73
192
336
339
374
378
380
417
418
507
509
511
530
550
594
606
613
641
667
744
767
784
793
818
833
836
870
879
953
979
78
111
118
192
213
227
288
330
334
344
368
489
523
585
612
704
753
864
886
896
923
935
13
16
28
53
115
193
261
329
398
400
408
416
438
474
483
518
578
642
685
695
706
713
747
771
796
840
854
970
982
1021
21
103
122
187
189
217
266
300
340
349
365
387
408
469
490
505
555
578
643
659
673
676
683
870
919
964
982
27
50
115
154
187
345
406
442
455
526
602
627
667
677
692
724
749
757
791
821
866
898
921
932
989
1022
128
177
186
246
318
319
364
385
386
394
423
463
503
608
616
647
739
743
789
861
880
952
977
986
1018
0
6
8
77
105
112
163
180
186
235
308
346
357
368
395
400
481
493
526
537
583
638
662
667
683
724
797
882
949
966
18
38
58
66
93
115
132
145
156
232
268
270
305
327
405
429
468
489
539
554
602
666
668
720
746
810
825
836
1019
6
44
95
102
111
147
185
192
208
244
251
300
390
532
583
586
645
657
673
680
775
856
898
921
947
966
115
140
249
265
273
292
297
323
333
349
373
383
411
439
480
509
569
622
697
701
707
744
754
758
781
856
905
920
1001
1021
11
24
27
90
134
143
179
191
255
332
375
409
449
457
473
475
497
565
600
605
673
689
699
706
770
832
843
857
906
937
1002
89
300
343
361
447
457
523
590
619
640
724
728
747
758
759
775
788
797
864
994
1020
10
12
160
330
332
352
355
362
442
444
510
516
542
553
639
662
663
744
745
793
912
994
1020
43
110
135
248
372
381
385
386
392
415
416
494
500
507
604
605
618
624
650
744
748
795
799
817
878
884
890
902
20
56
73
92
227
379
409
415
422
457
519
537
575
688
689
725
822
852
930
933
3
148
153
157
256
272
348
414
424
455
493
516
517
549
565
584
632
713
732
859
879
934
948
964
977
1001
40
139
337
341
356
362
364
389
439
442
477
595
621
716
718
721
724
761
838
860
913
937
1
85
90
91
97
127
211
227
250
263
321
431
434
449
654
711
796
813
833
878
912
920
1004
1008
1021
24
61
74
173
205
233
249
273
285
332
346
393
418
421
489
511
515
528
531
649
783
791
854
931
939
955
980
